0 13711.88107
5 13938.57849
10 13801.15427
15 13769.17567
20 13766.51703
25 13807.76483
30 13760.61014
35 13693.86505
40 13714.82196
45 13741.83778
50 13782.67009
55 13774.31337
60 13896.31616
65 13749.54095
70 13721.31239
75 13682.0665
80 13812.93442
85 13782.11499
90 13811.42293
95 13770.18678
100 13894.07893
105 13725.87752
110 13843.56703
115 13776.61652
120 13782.086
125 13682.75264
130 13720.28233
135 13793.75995
140 13670.28137
145 13767.69125
150 13758.79311
155 13737.72282
160 13628.57814
165 13657.17439
170 13732.09268
175 14008.70276
180 13914.99414
185 13907.31378
190 13961.48462
195 14014.56174
200 13928.28052
205 13863.98904
210 13711.55948
215 13628.49001
220 13433.35832
225 13548.03839
230 13654.57837
235 13912.54318
240 13791.10812
245 13943.9297
250 13880.04964
255 13952.76334
260 13907.58354
265 13840.30377
270 13767.30382
275 13638.62932
280 13647.04881
285 13625.52309
290 13642.58141
295 13942.25279
300 13893.99298
305 13820.2574
310 14063.44266
315 13905.33987
320 13880.0556
325 13988.20715
330 13735.01219
335 13650.93907
340 13528.34999
345 13561.43535
350 13551.77979
355 13887.65475
360 13983.59142
365 13928.40923
370 13996.89381
375 13933.5963
380 13852.49333
385 13796.6116
390 13652.97121
395 13688.35556
400 13577.98647
405 13583.26952
410 13529.07384
415 13869.88416
420 13921.47348
425 13886.57605
430 13992.07886
435 13881.93069
440 13876.33789
445 13883.18369
450 13688.38811
455 13714.82034
460 13600.53621
465 13768.62778
